([6, 4], [6, 4])0.46808510638297873
([1, 1], [7, 5])0.0
([2, 3], [5, 3])0.0
([0, 2], [9, 5])0.0
([1, 3], [4, 4])0.0
([4, 5], [0, 2])0.0
([1, 0], [8, 5])0.0
([6, 4], [5, 4])0.2021276595744681
([2, 4], [9, 5])0.0
([0, 1], [1, 3])0.0
([5, 3], [1, 1])0.0
([2, 1], [2, 1])0.0736842105263158
([3, 4], [3, 2])0.0
([1, 2], [0, 1])0.0
([5, 5], [7, 4])0.0
([7, 4], [7, 4])0.39999999999999997
([1, 0], [6, 4])0.0
([4, 2], [3, 4])0.0
([3, 1], [2, 4])0.0
([9, 5], [2, 4])0.0
([8, 4], [2, 3])0.0
([6, 3], [4, 4])0.0
([1, 0], [5, 4])0.0
([3, 3], [3, 1])0.0
([8, 4], [0, 0])0.0
([0, 2], [3, 2])0.0
([2, 4], [3, 2])0.0
([5, 3], [6, 5])0.0
([6, 4], [8, 4])0.0
([5, 5], [2, 3])0.0
([6, 5], [7, 5])0.2526315789473684
([2, 1], [2, 4])0.0
([4, 5], [4, 3])0.0
([7, 4], [2, 3])0.0
([5, 3], [5, 5])0.0
([5, 5], [0, 0])0.0
([3, 2], [1, 0])0.0
([0, 0], [0, 2])0.0
([2, 3], [3, 1])0.0
([7, 4], [0, 0])0.0
([1, 1], [7, 4])0.0
([0, 1], [6, 3])0.0
([1, 0], [8, 4])0.0
([3, 3], [3, 4])0.0631578947368421
([5, 3], [3, 3])0.0
([0, 1], [5, 3])0.0
([5, 3], [4, 2])0.0
([1, 3], [1, 1])0.0
([8, 5], [0, 1])0.0
([2, 2], [1, 0])0.0
([6, 4], [1, 2])0.0
([5, 3], [8, 5])0.0
([1, 1], [2, 3])0.0
([5, 4], [7, 5])0.010638297872340424
([2, 3], [3, 4])0.10638297872340427
([1, 1], [0, 0])0.0
([5, 3], [6, 4])0.20833333333333334
([0, 0], [4, 3])0.0
([6, 3], [1, 1])0.0
([1, 0], [1, 2])0.0
([6, 5], [7, 4])0.010526315789473684
([7, 5], [0, 1])0.0
([3, 2], [4, 5])0.0
([1, 3], [6, 5])0.0
([5, 3], [5, 4])0.2604166666666667
([1, 3], [5, 5])0.0
([0, 1], [3, 1])0.0
([4, 2], [9, 5])0.0
([6, 3], [6, 5])0.0
([2, 2], [4, 5])0.0
([1, 3], [3, 3])0.15053763440860216
([6, 5], [2, 3])0.0
([4, 4], [0, 2])0.0
([1, 3], [4, 2])0.0
([6, 3], [5, 5])0.0
([6, 5], [0, 0])0.0
([3, 4], [2, 1])0.0
([5, 3], [8, 4])0.0
([5, 4], [7, 4])0.010638297872340424
([1, 3], [8, 5])0.0
([4, 3], [0, 1])0.0
([6, 3], [3, 3])0.0
([4, 2], [3, 2])0.0851063829787234
([3, 1], [2, 2])0.1276595744680851
([4, 5], [1, 3])0.0
([9, 5], [2, 2])0.0
([0, 2], [2, 1])0.0
([0, 1], [3, 4])0.0
([6, 3], [4, 2])0.0
([3, 2], [4, 4])0.0
([1, 3], [6, 4])0.0
([2, 4], [2, 1])0.0
([3, 3], [9, 5])0.0
([1, 3], [5, 4])0.0
([6, 3], [8, 5])0.0
([3, 4], [2, 4])0.03191489361702127
([5, 4], [2, 3])0.0
([6, 4], [7, 5])0.09574468085106383
([5, 3], [1, 2])0.0
([4, 4], [4, 3])0.021052631578947364
([2, 1], [2, 2])0.3789473684210526
([1, 2], [0, 2])0.020833333333333332
([5, 4], [0, 0])0.0
([6, 3], [6, 4])0.3655913978494624
([2, 2], [4, 4])0.0
([6, 3], [5, 4])0.07526881720430108
([0, 2], [2, 4])0.0
([2, 3], [9, 5])0.0
([1, 0], [7, 5])0.0
([3, 3], [3, 2])0.0
([2, 4], [2, 4])0.24731182795698925
([0, 0], [1, 3])0.0
([1, 3], [8, 4])0.0
([4, 5], [6, 3])0.0
([8, 4], [0, 1])0.0
([4, 5], [5, 3])0.0
([2, 3], [3, 2])0.0
([1, 2], [4, 3])0.0
([6, 3], [8, 4])0.01075268817204301
([5, 5], [0, 1])0.0
([3, 2], [1, 1])0.0
([6, 4], [7, 4])0.13829787234042554
([7, 4], [0, 1])0.0
([1, 3], [1, 2])0.01075268817204301
([8, 5], [0, 2])0.0
([1, 0], [7, 4])0.0
([0, 0], [6, 3])0.0
([2, 2], [1, 1])0.0
([3, 2], [6, 5])0.0
([0, 1], [9, 5])0.0
([6, 4], [2, 3])0.0
([0, 0], [5, 3])0.0
([6, 3], [1, 2])0.0
([4, 5], [3, 1])0.0
([6, 4], [0, 0])0.0
([7, 5], [0, 2])0.0
([3, 2], [5, 5])0.0
([1, 1], [0, 1])0.03125
([5, 3], [7, 5])0.0
([4, 2], [2, 1])0.0
([1, 0], [2, 3])0.0
([4, 4], [1, 3])0.0
([2, 2], [6, 5])0.0
([3, 2], [3, 3])0.26041666666666663
([1, 0], [0, 0])0.0
([8, 5], [4, 3])0.0
([0, 1], [3, 2])0.0
([3, 2], [4, 2])0.07291666666666666
([2, 2], [5, 5])0.0
([4, 5], [3, 4])0.06382978723404255
([3, 2], [8, 5])0.0
([3, 4], [2, 2])0.0
([3, 1], [1, 0])0.0
([2, 2], [3, 3])0.2736842105263158
([7, 5], [4, 3])0.0
([9, 5], [1, 0])0.0
([4, 2], [2, 4])0.0
([0, 0], [3, 1])0.0
([3, 2], [6, 4])0.0
([2, 2], [4, 2])0.010526315789473686
([6, 5], [0, 1])0.0
([4, 3], [0, 2])0.0
([3, 3], [2, 1])0.0
([0, 2], [2, 2])0.10638297872340427
([3, 2], [5, 4])0.0
([5, 3], [7, 4])0.010416666666666668
([2, 2], [8, 5])0.0
([1, 2], [1, 3])0.05208333333333333
([2, 4], [2, 2])0.0
([4, 4], [6, 3])0.0
([2, 1], [1, 0])0.0
([1, 3], [7, 5])0.0
([2, 2], [6, 4])0.0
([4, 4], [5, 3])0.0
([2, 3], [2, 1])0.0
([2, 2], [5, 4])0.0
([0, 0], [3, 4])0.0
([3, 3], [2, 4])0.0
([3, 2], [8, 4])0.0
([5, 3], [2, 3])0.0
([5, 4], [0, 1])0.0
([6, 3], [7, 5])0.0
([3, 1], [4, 5])0.0
([4, 3], [4, 3])0.34736842105263155
([9, 5], [4, 5])0.0
([5, 3], [0, 0])0.0
([8, 4], [0, 2])0.0
([1, 2], [6, 3])0.0
([2, 3], [2, 4])0.021276595744680854
([2, 2], [8, 4])0.0
([2, 1], [4, 5])0.0
([1, 2], [5, 3])0.0
([1, 3], [7, 4])0.0
([8, 5], [1, 3])0.0
([5, 5], [0, 2])0.0
([4, 4], [3, 1])0.0
([3, 2], [1, 2])0.0
([7, 4], [0, 2])0.0
([4, 5], [9, 5])0.0
([6, 3], [7, 4])0.15053763440860216
([0, 1], [2, 1])0.041666666666666664
([3, 1], [4, 4])0.0
([9, 5], [4, 4])0.0
([7, 5], [1, 3])0.0
([8, 4], [4, 3])0.0
([2, 2], [1, 2])0.04210526315789474
([1, 3], [2, 3])0.48387096774193544
([1, 3], [0, 0])0.0
([4, 4], [3, 4])0.07368421052631578
([4, 5], [3, 2])0.0
([1, 1], [0, 2])0.010416666666666668
([5, 5], [4, 3])0.0
([2, 1], [4, 4])0.0
([1, 2], [3, 1])0.0
([7, 4], [4, 3])0.0
([8, 5], [6, 3])0.0
([6, 3], [2, 3])0.0
([4, 2], [2, 2])0.0
([6, 4], [0, 1])0.0
([0, 1], [2, 4])0.0
([6, 3], [0, 0])0.0
([0, 0], [9, 5])0.0
([8, 5], [5, 3])0.0
([3, 4], [1, 0])0.0
([1, 0], [0, 1])0.05319148936170213
([4, 3], [1, 3])0.0
([7, 5], [6, 3])0.0
([1, 2], [3, 4])0.0
([7, 5], [5, 3])0.0
([0, 2], [1, 0])0.0
([0, 0], [3, 2])0.0
([1, 1], [4, 3])0.0
([6, 5], [0, 2])0.0
([2, 4], [1, 0])0.0
([3, 1], [1, 1])0.0
([3, 3], [2, 2])0.0
([9, 5], [1, 1])0.0
([3, 2], [7, 5])0.0
([8, 5], [3, 1])0.0
([2, 1], [1, 1])0.03157894736842105
([3, 4], [4, 5])0.010638297872340424
([2, 3], [2, 2])0.0
([2, 2], [7, 5])0.0
([3, 1], [6, 5])0.0
([4, 3], [6, 3])0.0
([9, 5], [6, 5])0.0
([8, 4], [1, 3])0.0
([6, 5], [4, 3])0.0
([5, 4], [0, 2])0.0
([3, 1], [5, 5])0.0
([4, 3], [5, 3])0.14736842105263157
([9, 5], [5, 5])0.0
([7, 5], [3, 1])0.0
([0, 2], [4, 5])0.0
([4, 4], [9, 5])0.0
([2, 4], [4, 5])0.0
([8, 5], [3, 4])0.0
([5, 3], [0, 1])0.0
([2, 1], [6, 5])0.0
([3, 1], [3, 3])0.0
([9, 5], [3, 3])0.0
([5, 5], [1, 3])0.0
([3, 2], [7, 4])0.0
([3, 1], [4, 2])0.26595744680851063
([7, 4], [1, 3])0.0
([9, 5], [4, 2])0.0
([2, 1], [5, 5])0.0
([4, 5], [2, 1])0.0
([3, 1], [8, 5])0.0
([9, 5], [8, 5])0.41935483870967744
([4, 4], [3, 2])0.0
([7, 5], [3, 4])0.0
([2, 1], [3, 3])0.0
([3, 4], [4, 4])0.4574468085106382
([5, 4], [4, 3])0.010638297872340424
([2, 2], [7, 4])0.0
([3, 1], [6, 4])0.0
([2, 1], [4, 2])0.05263157894736842
([9, 5], [6, 4])0.0
([8, 4], [6, 3])0.0
([3, 2], [2, 3])0.02083333333333333
([4, 3], [3, 1])0.0
([1, 2], [9, 5])0.0
([0, 1], [2, 2])0.15624999999999997
([3, 1], [5, 4])0.0
([9, 5], [5, 4])0.0
([3, 2], [0, 0])0.0
([8, 4], [5, 3])0.0
([2, 1], [8, 5])0.0
([0, 2], [4, 4])0.0
([1, 1], [1, 3])0.0
([4, 5], [2, 4])0.0
([2, 4], [4, 4])0.13978494623655913
([5, 5], [6, 3])0.0
([2, 1], [6, 4])0.0
([7, 4], [6, 3])0.0
([4, 2], [1, 0])0.0
([2, 2], [2, 3])0.12631578947368421
([5, 5], [5, 3])0.0
([1, 3], [0, 1])0.0
([0, 0], [2, 1])0.05208333333333333
([2, 1], [5, 4])0.0
([7, 4], [5, 3])0.0
([1, 2], [3, 2])0.05208333333333333
([2, 2], [0, 0])0.0
([6, 4], [0, 2])0.0
([4, 3], [3, 4])0.010526315789473682
([3, 1], [8, 4])0.0
([9, 5], [8, 4])0.05376344086021506
([6, 3], [0, 1])0.0
([1, 0], [0, 2])0.0
([6, 5], [1, 3])0.0
([8, 4], [3, 1])0.0
([1, 1], [6, 3])0.0
([3, 4], [1, 1])0.0
([2, 1], [8, 4])0.0
([0, 0], [2, 4])0.0
([8, 5], [9, 5])0.1276595744680851
([3, 3], [1, 0])0.0
([1, 1], [5, 3])0.0
([4, 2], [4, 5])0.0
([3, 1], [1, 2])0.0
([6, 4], [4, 3])0.0
([9, 5], [1, 2])0.0
([5, 5], [3, 1])0.0
([0, 2], [1, 1])0.0
([7, 4], [3, 1])0.0
([2, 4], [1, 1])0.0
([7, 5], [9, 5])0.0
([3, 4], [6, 5])0.0
([2, 3], [1, 0])0.0
([8, 4], [3, 4])0.0
([8, 5], [3, 2])0.0
([1, 0], [4, 3])0.0
([5, 4], [1, 3])0.0
([3, 4], [5, 5])0.010638297872340424
([2, 1], [1, 2])0.042105263157894736
([6, 5], [6, 3])0.0
([0, 2], [6, 5])0.0
([4, 4], [2, 1])0.0
([6, 5], [5, 3])0.0
([5, 5], [3, 4])0.0
([2, 4], [6, 5])0.0
([3, 4], [3, 3])0.042553191489361694
([7, 4], [3, 4])0.0
([3, 3], [4, 5])0.0
([0, 2], [5, 5])0.0
([7, 5], [3, 2])0.0
([1, 1], [3, 1])0.0
([3, 4], [4, 2])0.0
([2, 4], [5, 5])0.0
([4, 2], [4, 4])0.0
([5, 3], [0, 2])0.0
([3, 4], [8, 5])0.0
([0, 2], [3, 3])0.0
([0, 2], [4, 2])0.0
([4, 3], [9, 5])0.0
([2, 4], [3, 3])0.01075268817204301
([2, 3], [4, 5])0.0
([4, 4], [2, 4])0.0
([3, 4], [6, 4])0.0
([2, 4], [4, 2])0.0
([4, 5], [2, 2])0.0
([5, 4], [6, 3])0.0
([0, 2], [8, 5])0.0
([3, 4], [5, 4])0.07446808510638298
([1, 2], [2, 1])0.0
([1, 1], [3, 4])0.0
([5, 4], [5, 3])0.010638297872340424
([0, 1], [1, 0])0.0
([2, 4], [8, 5])0.0
([0, 2], [6, 4])0.0
([6, 5], [3, 1])0.0
([4, 3], [3, 2])0.0
([3, 1], [7, 5])0.0
([2, 4], [6, 4])0.0
([9, 5], [7, 5])0.03225806451612903
([3, 3], [4, 4])0.16842105263157894
([0, 2], [5, 4])0.0
([5, 3], [4, 3])0.15625
([2, 4], [5, 4])0.0
([3, 2], [0, 1])0.0
([6, 4], [1, 3])0.0
([3, 4], [8, 4])0.0
([1, 2], [2, 4])0.0
([1, 3], [0, 2])0.0
([0, 0], [2, 2])0.0
([2, 1], [7, 5])0.0
([8, 4], [9, 5])0.07526881720430109
([2, 3], [4, 4])0.053191489361702135
([6, 5], [3, 4])0.0
([4, 2], [1, 1])0.0
([1, 0], [1, 3])0.0
([0, 2], [8, 4])0.0
([2, 2], [0, 1])0.0
([5, 4], [3, 1])0.0
([0, 1], [4, 5])0.0
([2, 4], [8, 4])0.0
([5, 5], [9, 5])0.0
([6, 3], [0, 2])0.0
([8, 5], [2, 1])0.0
([7, 4], [9, 5])0.0
([8, 4], [3, 2])0.0
([3, 1], [7, 4])0.0
([9, 5], [7, 4])0.021505376344086023
([3, 4], [1, 2])0.0
([4, 2], [6, 5])0.0
([6, 4], [6, 3])0.0
([1, 3], [4, 3])0.0
([4, 2], [5, 5])0.0
([6, 4], [5, 3])0.0
([7, 5], [2, 1])0.0
([3, 3], [1, 1])0.0
([5, 4], [3, 4])0.0
([5, 5], [3, 2])0.0
([0, 2], [1, 2])0.41489361702127664
([7, 4], [3, 2])0.0
([2, 1], [7, 4])0.0
([1, 0], [6, 3])0.0
([2, 4], [1, 2])0.0
([8, 5], [2, 4])0.0
([4, 2], [3, 3])0.05319148936170213
([3, 1], [2, 3])0.0
([9, 5], [2, 3])0.0
([1, 1], [9, 5])0.0
([6, 3], [4, 3])0.01075268817204301
([4, 2], [4, 2])0.13829787234042554
([1, 0], [5, 3])0.0
([3, 1], [0, 0])0.0
([9, 5], [0, 0])0.0
([0, 1], [4, 4])0.0
([2, 3], [1, 1])0.0
([3, 3], [6, 5])0.0
([4, 2], [8, 5])0.0
([4, 4], [2, 2])0.0
([7, 5], [2, 4])0.0
([5, 3], [1, 3])0.0
([2, 1], [2, 3])0.0
([3, 3], [5, 5])0.0
([4, 2], [6, 4])0.0
([1, 1], [3, 2])0.10416666666666667
([2, 1], [0, 0])0.0
([4, 3], [2, 1])0.0
([4, 2], [5, 4])0.0
([6, 4], [3, 1])0.0
([2, 3], [6, 5])0.0
([3, 3], [3, 3])0.36842105263157887
([4, 5], [1, 0])0.0
([6, 5], [9, 5])0.0
([3, 3], [4, 2])0.0
([2, 3], [5, 5])0.0
([1, 0], [3, 1])0.031914893617021274
([3, 3], [8, 5])0.0
([3, 4], [7, 5])0.0
([1, 2], [2, 2])0.3333333333333333
([2, 3], [3, 3])0.4042553191489362
([4, 3], [2, 4])0.0
([3, 3], [6, 4])0.0
([2, 3], [4, 2])0.0
([4, 2], [8, 4])0.0
([5, 3], [6, 3])0.052083333333333336
([6, 4], [3, 4])0.0
([6, 5], [3, 2])0.0
([0, 1], [1, 1])0.2708333333333333
([3, 3], [5, 4])0.042105263157894736
([5, 3], [5, 3])0.28125000000000006
([0, 2], [7, 5])0.0
([2, 3], [8, 5])0.0
([1, 3], [1, 3])0.24731182795698925
([2, 4], [7, 5])0.0
([5, 4], [9, 5])0.0
([1, 0], [3, 4])0.0
([3, 2], [0, 2])0.0
([8, 4], [2, 1])0.0
([0, 0], [1, 0])0.031249999999999997
([4, 5], [4, 5])0.23404255319148934
([2, 3], [6, 4])0.0
([2, 3], [5, 4])0.0
([0, 1], [6, 5])0.0
([6, 3], [1, 3])0.0
([4, 2], [1, 2])0.0
([5, 5], [2, 1])0.0
([3, 3], [8, 4])0.0
([7, 4], [2, 1])0.0
([2, 2], [0, 2])0.0
([0, 1], [5, 5])0.0
([5, 4], [3, 2])0.0
([3, 4], [7, 4])0.0
([8, 4], [2, 4])0.0
([8, 5], [2, 2])0.0
([0, 1], [3, 3])0.0
([5, 3], [3, 1])0.0
([3, 2], [4, 3])0.30208333333333326
([1, 3], [6, 3])0.0
([0, 2], [7, 4])0.0
([0, 1], [4, 2])0.0
([2, 3], [8, 4])0.0
([0, 0], [4, 5])0.0
([2, 4], [7, 4])0.0
([1, 3], [5, 3])0.0
([5, 5], [2, 4])0.0
([3, 4], [2, 3])0.010638297872340424
([4, 5], [4, 4])0.20212765957446807
([0, 1], [8, 5])0.0
([7, 4], [2, 4])0.0
([7, 5], [2, 2])0.0
([3, 3], [1, 2])0.0
([1, 1], [2, 1])0.11458333333333334
([3, 4], [0, 0])0.0
([6, 3], [6, 3])0.2043010752688172
([2, 2], [4, 3])0.0736842105263158
([0, 1], [6, 4])0.0
([6, 3], [5, 3])0.1827956989247312
([0, 2], [2, 3])0.10638297872340427
([5, 3], [3, 4])0.0
([0, 1], [5, 4])0.0
([0, 2], [0, 0])0.0
([4, 4], [1, 0])0.0
([2, 4], [2, 3])0.06451612903225806
([6, 4], [9, 5])0.0
([2, 3], [1, 2])0.0
([2, 4], [0, 0])0.0
([3, 1], [0, 1])0.0
([9, 5], [0, 1])0.0
([1, 1], [2, 4])0.0
([1, 0], [9, 5])0.0
([1, 3], [3, 1])0.0
([6, 5], [2, 1])0.0
([0, 0], [4, 4])0.0
([4, 3], [2, 2])0.0
([4, 2], [7, 5])0.0
([6, 4], [3, 2])0.0
([0, 1], [8, 4])0.0
([2, 1], [0, 1])0.0
([6, 3], [3, 1])0.0
([1, 2], [1, 0])0.0
([4, 5], [1, 1])0.0
([1, 0], [3, 2])0.031914893617021274
([4, 4], [4, 5])0.010526315789473682
([1, 3], [3, 4])0.04301075268817204
([6, 5], [2, 4])0.0
([3, 2], [1, 3])0.0
([5, 4], [2, 1])0.0
([0, 1], [1, 2])0.26041666666666663
([3, 3], [7, 5])0.0
([4, 5], [6, 5])0.05319148936170213
([6, 3], [3, 4])0.0
([8, 4], [2, 2])0.0
([4, 2], [7, 4])0.0
([4, 5], [5, 5])0.38297872340425526
([2, 2], [1, 3])0.0
([0, 0], [1, 1])0.3958333333333333
([1, 2], [4, 5])0.0
([2, 3], [7, 5])0.0
([5, 3], [9, 5])0.0
([4, 5], [3, 3])0.0
([5, 4], [2, 4])0.0
([5, 5], [2, 2])0.0
([4, 4], [4, 4])0.4421052631578946
([4, 5], [4, 2])0.0
([7, 4], [2, 2])0.0
([8, 5], [1, 0])0.0
([4, 2], [2, 3])0.0
([3, 2], [6, 3])0.0
([4, 5], [8, 5])0.0
([4, 2], [0, 0])0.0
([0, 0], [6, 5])0.0
([3, 2], [5, 3])0.04166666666666666
([5, 3], [3, 2])0.0
([3, 3], [7, 4])0.0
([4, 5], [6, 4])0.0
([7, 5], [1, 0])0.0
([0, 0], [5, 5])0.0
([4, 5], [5, 4])0.06382978723404255
([2, 2], [6, 3])0.0
([1, 1], [2, 2])0.3854166666666667
([2, 2], [5, 3])0.0
([0, 0], [3, 3])0.0
([1, 2], [4, 4])0.0
([2, 3], [7, 4])0.0
([6, 4], [2, 1])0.0
([0, 0], [4, 2])0.0
([3, 3], [2, 3])0.0631578947368421
([3, 4], [0, 1])0.0
([8, 5], [4, 5])0.0
([1, 3], [9, 5])0.0
([0, 1], [7, 5])0.0
([3, 3], [0, 0])0.0
([0, 0], [8, 5])0.0
([1, 0], [2, 1])0.3936170212765957
([3, 1], [0, 2])0.0
([4, 5], [8, 4])0.0
([9, 5], [0, 2])0.0
([0, 2], [0, 1])0.0
([4, 4], [1, 1])0.0
([3, 2], [3, 1])0.0
([0, 0], [6, 4])0.0
([4, 3], [1, 0])0.0
([2, 3], [2, 3])0.3191489361702128
([2, 4], [0, 1])0.0
([6, 3], [9, 5])0.0
([7, 5], [4, 5])0.0
([1, 3], [3, 2])0.0
([0, 0], [5, 4])0.0
([2, 3], [0, 0])0.0
([6, 4], [2, 4])0.0
([6, 5], [2, 2])0.0
([2, 1], [0, 2])0.0
([2, 2], [3, 1])0.0
([4, 4], [6, 5])0.010526315789473682
([1, 0], [2, 4])0.0
([6, 3], [3, 2])0.0
([3, 2], [3, 4])0.0
([4, 5], [1, 2])0.0
([8, 5], [4, 4])0.0
([4, 4], [5, 5])0.03157894736842105
([3, 1], [4, 3])0.021276595744680854
([9, 5], [4, 3])0.0
([0, 1], [7, 4])0.0
([1, 2], [1, 1])0.0
([0, 0], [8, 4])0.0
([4, 4], [3, 3])0.021052631578947364
([4, 3], [4, 5])0.0
([5, 4], [2, 2])0.0
([4, 4], [4, 2])0.0
([2, 2], [3, 4])0.0
([7, 5], [4, 4])0.0
([8, 4], [1, 0])0.0
([2, 1], [4, 3])0.0
([4, 4], [8, 5])0.0
([0, 1], [2, 3])0.0
([5, 3], [2, 1])0.0
([1, 2], [6, 5])0.0
([0, 1], [0, 0])0.0
([5, 5], [1, 0])0.0
([4, 4], [6, 4])0.03157894736842105
([0, 0], [1, 2])0.0
([1, 2], [5, 5])0.0
([7, 4], [1, 0])0.0
([4, 4], [5, 4])0.3578947368421052
([1, 2], [3, 3])0.09374999999999999
([1, 2], [4, 2])0.0
([5, 3], [2, 4])0.0
([8, 5], [1, 1])0.0
([4, 3], [4, 4])0.14736842105263157
([8, 4], [4, 5])0.0
([1, 2], [8, 5])0.0
([4, 2], [0, 1])0.0
([1, 1], [1, 0])0.0
([4, 4], [8, 4])0.0
([4, 5], [7, 5])0.0
([1, 2], [6, 4])0.0
([7, 5], [1, 1])0.0
([5, 5], [4, 5])0.03157894736842105
([1, 3], [2, 1])0.0
([7, 4], [4, 5])0.0
([3, 2], [9, 5])0.0
([8, 5], [6, 5])0.010638297872340425
([1, 2], [5, 4])0.0
([6, 4], [2, 2])0.0
([3, 1], [1, 3])0.0
([3, 4], [0, 2])0.0
([8, 5], [5, 5])0.0
([9, 5], [1, 3])0.0
([6, 3], [2, 1])0.0
([1, 0], [2, 2])0.05319148936170213
([7, 5], [6, 5])0.15053763440860216
([2, 2], [9, 5])0.0
([3, 3], [0, 1])0.0
([8, 5], [3, 3])0.0
([0, 2], [0, 2])0.22340425531914895
([4, 4], [1, 2])0.0
([3, 2], [3, 2])0.22916666666666663
([8, 4], [4, 4])0.0
([6, 5], [1, 0])0.0
([8, 5], [4, 2])0.0
([2, 1], [1, 3])0.0
([7, 5], [5, 5])0.0
([1, 3], [2, 4])0.06451612903225806
([2, 4], [0, 2])0.0
([1, 2], [8, 4])0.0
([1, 1], [4, 5])0.0
([0, 0], [7, 5])0.0
([4, 3], [1, 1])0.0
([8, 5], [8, 5])0.4787234042553191
([4, 5], [7, 4])0.0
([7, 5], [3, 3])0.0
([5, 5], [4, 4])0.07368421052631578
([2, 3], [0, 1])0.0
([3, 4], [4, 3])0.0
([2, 2], [3, 2])0.2
([7, 4], [4, 4])0.0
([7, 5], [4, 2])0.0
([8, 5], [6, 4])0.010638297872340425
([6, 3], [2, 4])0.0
([3, 1], [6, 3])0.0
([9, 5], [6, 3])0.0
([8, 5], [5, 4])0.0
([3, 1], [5, 3])0.010638297872340427
([7, 5], [8, 5])0.1827956989247312
([9, 5], [5, 3])0.0
([0, 2], [4, 3])0.0
([1, 2], [1, 2])0.24999999999999997
([4, 3], [6, 5])0.0
([5, 4], [1, 0])0.0
([4, 5], [2, 3])0.0
([2, 4], [4, 3])0.0
([7, 5], [6, 4])0.10752688172043011
([6, 5], [4, 5])0.0
([2, 1], [6, 3])0.0
([4, 3], [5, 5])0.0
([4, 5], [0, 0])0.0
([7, 5], [5, 4])0.01075268817204301
([2, 1], [5, 3])0.0
([1, 1], [4, 4])0.0
([0, 0], [7, 4])0.0
([8, 5], [8, 4])0.031914893617021274
([4, 3], [3, 3])0.10526315789473682
([8, 4], [1, 1])0.0
([5, 3], [2, 2])0.0
([4, 3], [4, 2])0.0
([4, 3], [8, 5])0.0
([0, 1], [0, 1])0.19791666666666666
([3, 1], [3, 1])0.031914893617021274
([9, 5], [3, 1])0.0
([5, 5], [1, 1])0.0
([4, 4], [7, 5])0.0
([7, 5], [8, 4])0.0
([7, 4], [1, 1])0.0
([5, 4], [4, 5])0.0
([0, 0], [2, 3])0.0
([4, 3], [6, 4])0.03157894736842105
([8, 4], [6, 5])0.0
([0, 0], [0, 0])0.21874999999999997
([6, 5], [4, 4])0.0
([8, 5], [1, 2])0.0
([4, 3], [5, 4])0.21052631578947364
([8, 4], [5, 5])0.0
([2, 1], [3, 1])0.021052631578947368
([4, 2], [0, 2])0.0
([5, 5], [6, 5])0.32631578947368417
([3, 2], [2, 1])0.0
([3, 1], [3, 4])0.0
([7, 4], [6, 5])0.010526315789473684
([9, 5], [3, 4])0.0
([8, 4], [3, 3])0.0
([3, 4], [1, 3])0.0
([5, 5], [5, 5])0.32631578947368417
([6, 4], [1, 0])0.0
([7, 5], [1, 2])0.0
([8, 4], [4, 2])0.0
([1, 1], [1, 1])0.17708333333333334
([7, 4], [5, 5])0.0
([1, 3], [2, 2])0.0
([1, 2], [7, 5])0.0
([4, 3], [8, 4])0.0
([8, 4], [8, 5])0.17204301075268819
([4, 4], [7, 4])0.0
([0, 2], [1, 3])0.14893617021276598
([5, 5], [3, 3])0.0
([2, 2], [2, 1])0.0
([1, 0], [1, 0])0.0
([2, 1], [3, 4])0.0
([7, 4], [3, 3])0.0
([5, 4], [4, 4])0.12765957446808507
([5, 5], [4, 2])0.0
([2, 4], [1, 3])0.01075268817204301
([7, 4], [4, 2])0.0
([8, 4], [6, 4])0.043010752688172046
([6, 3], [2, 2])0.0
([3, 2], [2, 4])0.0
([3, 3], [0, 2])0.0
([4, 2], [4, 3])0.4148936170212766
([1, 1], [6, 5])0.0
([5, 5], [8, 5])0.0
([8, 4], [5, 4])0.0
([7, 4], [8, 5])0.09473684210526315
([1, 1], [5, 5])0.0
([5, 5], [6, 4])0.03157894736842105
([6, 5], [1, 1])0.0
([4, 4], [2, 3])0.0
([3, 4], [6, 3])0.0
([7, 4], [6, 4])0.27368421052631575
([4, 3], [1, 2])0.0
([6, 4], [4, 5])0.0
([2, 2], [2, 4])0.0
([4, 4], [0, 0])0.0
([5, 5], [5, 4])0.1789473684210526
([2, 3], [0, 2])0.0
([3, 4], [5, 3])0.0
([7, 4], [5, 4])0.021052631578947368
([1, 1], [3, 3])0.0
([1, 2], [7, 4])0.0
([1, 1], [4, 2])0.0
([0, 2], [6, 3])0.0
([8, 4], [8, 4])0.3118279569892473
([1, 0], [4, 5])0.0
([8, 5], [7, 5])0.2553191489361702
([2, 4], [6, 3])0.0
([3, 3], [4, 3])0.27368421052631575
([0, 2], [5, 3])0.0
([1, 1], [8, 5])0.0
([6, 5], [6, 5])0.4105263157894737
([2, 4], [5, 3])0.0
([6, 5], [5, 5])0.0736842105263158
([1, 1], [6, 4])0.0
([5, 5], [8, 4])0.0
([5, 4], [1, 1])0.0
([7, 4], [8, 4])0.0631578947368421
([1, 2], [2, 3])0.19791666666666666
([7, 5], [7, 5])0.47311827956989244
([3, 1], [9, 5])0.0
([5, 3], [1, 0])0.0
([1, 1], [5, 4])0.0
([9, 5], [9, 5])0.4731182795698925
([1, 2], [0, 0])0.0
([2, 3], [4, 3])0.06382978723404255
([4, 5], [0, 1])0.0
([6, 5], [3, 3])0.0
([6, 4], [4, 4])0.010638297872340427
([8, 4], [1, 2])0.0
([6, 5], [4, 2])0.0
([3, 4], [3, 1])0.0
([6, 5], [8, 5])0.021052631578947368
([5, 4], [6, 5])0.06382978723404253
([2, 1], [9, 5])0.0
([0, 1], [0, 2])0.07291666666666667
([1, 0], [4, 4])0.0
([3, 1], [3, 2])0.5106382978723404
([8, 5], [7, 4])0.0851063829787234
([9, 5], [3, 2])0.0
([5, 5], [1, 2])0.0
([0, 2], [3, 1])0.0
([5, 4], [5, 5])0.03191489361702127
([7, 4], [1, 2])0.0
([1, 1], [8, 4])0.0
([6, 5], [6, 4])0.13684210526315788
([2, 4], [3, 1])0.0
([4, 2], [1, 3])0.0
([6, 5], [5, 4])0.09473684210526315
([4, 3], [7, 5])0.0
([3, 4], [3, 4])0.36170212765957444
([5, 4], [3, 3])0.0
([5, 3], [4, 5])0.0
([0, 0], [0, 1])0.3020833333333333
([2, 1], [3, 2])0.39999999999999997
([7, 5], [7, 4])0.07526881720430108
([5, 4], [4, 2])0.0
([8, 5], [2, 3])0.0
([3, 2], [2, 2])0.07291666666666666
([1, 3], [1, 0])0.0
([0, 2], [3, 4])0.0
([8, 5], [0, 0])0.0
([5, 4], [8, 5])0.0
([0, 1], [4, 3])0.0
([1, 1], [1, 2])0.17708333333333334
([2, 4], [3, 4])0.5268817204301075
([6, 5], [8, 4])0.0
([5, 4], [6, 4])0.24468085106382975
([6, 4], [1, 1])0.0
([7, 5], [2, 3])0.0
([3, 3], [1, 3])0.0
([6, 3], [1, 0])0.0
([2, 2], [2, 2])0.2736842105263158
([5, 4], [5, 4])0.4893617021276595
([7, 5], [0, 0])0.0
([4, 2], [6, 3])0.02127659574468085
([1, 0], [1, 1])0.4361702127659574
([4, 2], [5, 3])0.2872340425531915
([4, 3], [7, 4])0.0
([8, 4], [7, 5])0.043010752688172046
([5, 3], [4, 4])0.03125
([2, 3], [1, 3])0.031914893617021274
([6, 4], [6, 5])0.07446808510638299
([1, 3], [4, 5])0.0
([6, 5], [1, 2])0.0
([6, 4], [5, 5])0.0
([5, 4], [8, 4])0.0
([5, 5], [7, 5])0.03157894736842105
([7, 4], [7, 5])0.13684210526315788
([1, 0], [6, 5])0.0
([4, 3], [2, 3])0.0
([4, 4], [0, 1])0.0
([3, 3], [6, 3])0.0
([6, 4], [3, 3])0.0
([6, 3], [4, 5])0.0
([1, 0], [5, 5])0.0
([4, 3], [0, 0])0.0
([6, 4], [4, 2])0.0
([3, 3], [5, 3])0.021052631578947368
([3, 4], [9, 5])0.0
([4, 2], [3, 1])0.0
([3, 1], [2, 1])0.031914893617021274
([6, 4], [8, 5])0.010638297872340427
([1, 0], [3, 3])0.0
([9, 5], [2, 1])0.0
([1, 0], [4, 2])0.0
([2, 3], [6, 3])0.0
([8, 4], [7, 4])0.3548387096774194
([5, 4], [1, 2])0.0
