[0, 0][0, 0]0.21
[0, 0][0, 1]0.29
[0, 0][0, 2]0.0
[0, 0][1, 0]0.03
[0, 0][1, 1]0.38
[0, 0][1, 2]0.0
[0, 0][1, 3]0.0
[0, 0][2, 1]0.05
[0, 0][2, 2]0.0
[0, 0][2, 3]0.0
[0, 0][2, 4]0.0
[0, 0][3, 1]0.0
[0, 0][3, 2]0.0
[0, 0][3, 3]0.0
[0, 0][3, 4]0.0
[0, 0][4, 2]0.0
[0, 0][4, 3]0.0
[0, 0][4, 4]0.0
[0, 0][4, 5]0.0
[0, 0][5, 3]0.0
[0, 0][5, 4]0.0
[0, 0][5, 5]0.0
[0, 0][6, 3]0.0
[0, 0][6, 4]0.0
[0, 0][6, 5]0.0
[0, 0][7, 4]0.0
[0, 0][7, 5]0.0
[0, 0][8, 4]0.0
[0, 0][8, 5]0.0
[0, 0][9, 5]0.0
[0, 1][0, 0]0.0
[0, 1][0, 1]0.19
[0, 1][0, 2]0.07
[0, 1][1, 0]0.0
[0, 1][1, 1]0.26
[0, 1][1, 2]0.25
[0, 1][1, 3]0.0
[0, 1][2, 1]0.04
[0, 1][2, 2]0.15
[0, 1][2, 3]0.0
[0, 1][2, 4]0.0
[0, 1][3, 1]0.0
[0, 1][3, 2]0.0
[0, 1][3, 3]0.0
[0, 1][3, 4]0.0
[0, 1][4, 2]0.0
[0, 1][4, 3]0.0
[0, 1][4, 4]0.0
[0, 1][4, 5]0.0
[0, 1][5, 3]0.0
[0, 1][5, 4]0.0
[0, 1][5, 5]0.0
[0, 1][6, 3]0.0
[0, 1][6, 4]0.0
[0, 1][6, 5]0.0
[0, 1][7, 4]0.0
[0, 1][7, 5]0.0
[0, 1][8, 4]0.0
[0, 1][8, 5]0.0
[0, 1][9, 5]0.0
[0, 2][0, 0]0.0
[0, 2][0, 1]0.0
[0, 2][0, 2]0.21
[0, 2][1, 0]0.0
[0, 2][1, 1]0.0
[0, 2][1, 2]0.39
[0, 2][1, 3]0.14
[0, 2][2, 1]0.0
[0, 2][2, 2]0.1
[0, 2][2, 3]0.1
[0, 2][2, 4]0.0
[0, 2][3, 1]0.0
[0, 2][3, 2]0.0
[0, 2][3, 3]0.0
[0, 2][3, 4]0.0
[0, 2][4, 2]0.0
[0, 2][4, 3]0.0
[0, 2][4, 4]0.0
[0, 2][4, 5]0.0
[0, 2][5, 3]0.0
[0, 2][5, 4]0.0
[0, 2][5, 5]0.0
[0, 2][6, 3]0.0
[0, 2][6, 4]0.0
[0, 2][6, 5]0.0
[0, 2][7, 4]0.0
[0, 2][7, 5]0.0
[0, 2][8, 4]0.0
[0, 2][8, 5]0.0
[0, 2][9, 5]0.0
[1, 0][0, 0]0.0
[1, 0][0, 1]0.05
[1, 0][0, 2]0.0
[1, 0][1, 0]0.0
[1, 0][1, 1]0.41
[1, 0][1, 2]0.0
[1, 0][1, 3]0.0
[1, 0][2, 1]0.37
[1, 0][2, 2]0.05
[1, 0][2, 3]0.0
[1, 0][2, 4]0.0
[1, 0][3, 1]0.03
[1, 0][3, 2]0.03
[1, 0][3, 3]0.0
[1, 0][3, 4]0.0
[1, 0][4, 2]0.0
[1, 0][4, 3]0.0
[1, 0][4, 4]0.0
[1, 0][4, 5]0.0
[1, 0][5, 3]0.0
[1, 0][5, 4]0.0
[1, 0][5, 5]0.0
[1, 0][6, 3]0.0
[1, 0][6, 4]0.0
[1, 0][6, 5]0.0
[1, 0][7, 4]0.0
[1, 0][7, 5]0.0
[1, 0][8, 4]0.0
[1, 0][8, 5]0.0
[1, 0][9, 5]0.0
[1, 1][0, 0]0.0
[1, 1][0, 1]0.03
[1, 1][0, 2]0.01
[1, 1][1, 0]0.0
[1, 1][1, 1]0.17
[1, 1][1, 2]0.17
[1, 1][1, 3]0.0
[1, 1][2, 1]0.11
[1, 1][2, 2]0.37
[1, 1][2, 3]0.0
[1, 1][2, 4]0.0
[1, 1][3, 1]0.0
[1, 1][3, 2]0.1
[1, 1][3, 3]0.0
[1, 1][3, 4]0.0
[1, 1][4, 2]0.0
[1, 1][4, 3]0.0
[1, 1][4, 4]0.0
[1, 1][4, 5]0.0
[1, 1][5, 3]0.0
[1, 1][5, 4]0.0
[1, 1][5, 5]0.0
[1, 1][6, 3]0.0
[1, 1][6, 4]0.0
[1, 1][6, 5]0.0
[1, 1][7, 4]0.0
[1, 1][7, 5]0.0
[1, 1][8, 4]0.0
[1, 1][8, 5]0.0
[1, 1][9, 5]0.0
[1, 2][0, 0]0.0
[1, 2][0, 1]0.0
[1, 2][0, 2]0.02
[1, 2][1, 0]0.0
[1, 2][1, 1]0.0
[1, 2][1, 2]0.24
[1, 2][1, 3]0.05
[1, 2][2, 1]0.0
[1, 2][2, 2]0.32
[1, 2][2, 3]0.19
[1, 2][2, 4]0.0
[1, 2][3, 1]0.0
[1, 2][3, 2]0.05
[1, 2][3, 3]0.09
[1, 2][3, 4]0.0
[1, 2][4, 2]0.0
[1, 2][4, 3]0.0
[1, 2][4, 4]0.0
[1, 2][4, 5]0.0
[1, 2][5, 3]0.0
[1, 2][5, 4]0.0
[1, 2][5, 5]0.0
[1, 2][6, 3]0.0
[1, 2][6, 4]0.0
[1, 2][6, 5]0.0
[1, 2][7, 4]0.0
[1, 2][7, 5]0.0
[1, 2][8, 4]0.0
[1, 2][8, 5]0.0
[1, 2][9, 5]0.0
[1, 3][0, 0]0.0
[1, 3][0, 1]0.0
[1, 3][0, 2]0.0
[1, 3][1, 0]0.0
[1, 3][1, 1]0.0
[1, 3][1, 2]0.01
[1, 3][1, 3]0.23
[1, 3][2, 1]0.0
[1, 3][2, 2]0.0
[1, 3][2, 3]0.45
[1, 3][2, 4]0.06
[1, 3][3, 1]0.0
[1, 3][3, 2]0.0
[1, 3][3, 3]0.14
[1, 3][3, 4]0.04
[1, 3][4, 2]0.0
[1, 3][4, 3]0.0
[1, 3][4, 4]0.0
[1, 3][4, 5]0.0
[1, 3][5, 3]0.0
[1, 3][5, 4]0.0
[1, 3][5, 5]0.0
[1, 3][6, 3]0.0
[1, 3][6, 4]0.0
[1, 3][6, 5]0.0
[1, 3][7, 4]0.0
[1, 3][7, 5]0.0
[1, 3][8, 4]0.0
[1, 3][8, 5]0.0
[1, 3][9, 5]0.0
[2, 1][0, 0]0.0
[2, 1][0, 1]0.0
[2, 1][0, 2]0.0
[2, 1][1, 0]0.0
[2, 1][1, 1]0.03
[2, 1][1, 2]0.04
[2, 1][1, 3]0.0
[2, 1][2, 1]0.07
[2, 1][2, 2]0.36
[2, 1][2, 3]0.0
[2, 1][2, 4]0.0
[2, 1][3, 1]0.02
[2, 1][3, 2]0.38
[2, 1][3, 3]0.0
[2, 1][3, 4]0.0
[2, 1][4, 2]0.05
[2, 1][4, 3]0.0
[2, 1][4, 4]0.0
[2, 1][4, 5]0.0
[2, 1][5, 3]0.0
[2, 1][5, 4]0.0
[2, 1][5, 5]0.0
[2, 1][6, 3]0.0
[2, 1][6, 4]0.0
[2, 1][6, 5]0.0
[2, 1][7, 4]0.0
[2, 1][7, 5]0.0
[2, 1][8, 4]0.0
[2, 1][8, 5]0.0
[2, 1][9, 5]0.0
[2, 2][0, 0]0.0
[2, 2][0, 1]0.0
[2, 2][0, 2]0.0
[2, 2][1, 0]0.0
[2, 2][1, 1]0.0
[2, 2][1, 2]0.04
[2, 2][1, 3]0.0
[2, 2][2, 1]0.0
[2, 2][2, 2]0.26
[2, 2][2, 3]0.12
[2, 2][2, 4]0.0
[2, 2][3, 1]0.0
[2, 2][3, 2]0.19
[2, 2][3, 3]0.26
[2, 2][3, 4]0.0
[2, 2][4, 2]0.01
[2, 2][4, 3]0.07
[2, 2][4, 4]0.0
[2, 2][4, 5]0.0
[2, 2][5, 3]0.0
[2, 2][5, 4]0.0
[2, 2][5, 5]0.0
[2, 2][6, 3]0.0
[2, 2][6, 4]0.0
[2, 2][6, 5]0.0
[2, 2][7, 4]0.0
[2, 2][7, 5]0.0
[2, 2][8, 4]0.0
[2, 2][8, 5]0.0
[2, 2][9, 5]0.0
[2, 3][0, 0]0.0
[2, 3][0, 1]0.0
[2, 3][0, 2]0.0
[2, 3][1, 0]0.0
[2, 3][1, 1]0.0
[2, 3][1, 2]0.0
[2, 3][1, 3]0.03
[2, 3][2, 1]0.0
[2, 3][2, 2]0.0
[2, 3][2, 3]0.3
[2, 3][2, 4]0.02
[2, 3][3, 1]0.0
[2, 3][3, 2]0.0
[2, 3][3, 3]0.38
[2, 3][3, 4]0.1
[2, 3][4, 2]0.0
[2, 3][4, 3]0.06
[2, 3][4, 4]0.05
[2, 3][4, 5]0.0
[2, 3][5, 3]0.0
[2, 3][5, 4]0.0
[2, 3][5, 5]0.0
[2, 3][6, 3]0.0
[2, 3][6, 4]0.0
[2, 3][6, 5]0.0
[2, 3][7, 4]0.0
[2, 3][7, 5]0.0
[2, 3][8, 4]0.0
[2, 3][8, 5]0.0
[2, 3][9, 5]0.0
[2, 4][0, 0]0.0
[2, 4][0, 1]0.0
[2, 4][0, 2]0.0
[2, 4][1, 0]0.0
[2, 4][1, 1]0.0
[2, 4][1, 2]0.0
[2, 4][1, 3]0.01
[2, 4][2, 1]0.0
[2, 4][2, 2]0.0
[2, 4][2, 3]0.06
[2, 4][2, 4]0.23
[2, 4][3, 1]0.0
[2, 4][3, 2]0.0
[2, 4][3, 3]0.01
[2, 4][3, 4]0.49
[2, 4][4, 2]0.0
[2, 4][4, 3]0.0
[2, 4][4, 4]0.13
[2, 4][4, 5]0.0
[2, 4][5, 3]0.0
[2, 4][5, 4]0.0
[2, 4][5, 5]0.0
[2, 4][6, 3]0.0
[2, 4][6, 4]0.0
[2, 4][6, 5]0.0
[2, 4][7, 4]0.0
[2, 4][7, 5]0.0
[2, 4][8, 4]0.0
[2, 4][8, 5]0.0
[2, 4][9, 5]0.0
[3, 1][0, 0]0.0
[3, 1][0, 1]0.0
[3, 1][0, 2]0.0
[3, 1][1, 0]0.0
[3, 1][1, 1]0.0
[3, 1][1, 2]0.0
[3, 1][1, 3]0.0
[3, 1][2, 1]0.03
[3, 1][2, 2]0.12
[3, 1][2, 3]0.0
[3, 1][2, 4]0.0
[3, 1][3, 1]0.03
[3, 1][3, 2]0.48
[3, 1][3, 3]0.0
[3, 1][3, 4]0.0
[3, 1][4, 2]0.25
[3, 1][4, 3]0.02
[3, 1][4, 4]0.0
[3, 1][4, 5]0.0
[3, 1][5, 3]0.01
[3, 1][5, 4]0.0
[3, 1][5, 5]0.0
[3, 1][6, 3]0.0
[3, 1][6, 4]0.0
[3, 1][6, 5]0.0
[3, 1][7, 4]0.0
[3, 1][7, 5]0.0
[3, 1][8, 4]0.0
[3, 1][8, 5]0.0
[3, 1][9, 5]0.0
[3, 2][0, 0]0.0
[3, 2][0, 1]0.0
[3, 2][0, 2]0.0
[3, 2][1, 0]0.0
[3, 2][1, 1]0.0
[3, 2][1, 2]0.0
[3, 2][1, 3]0.0
[3, 2][2, 1]0.0
[3, 2][2, 2]0.07
[3, 2][2, 3]0.02
[3, 2][2, 4]0.0
[3, 2][3, 1]0.0
[3, 2][3, 2]0.22
[3, 2][3, 3]0.25
[3, 2][3, 4]0.0
[3, 2][4, 2]0.07
[3, 2][4, 3]0.29
[3, 2][4, 4]0.0
[3, 2][4, 5]0.0
[3, 2][5, 3]0.04
[3, 2][5, 4]0.0
[3, 2][5, 5]0.0
[3, 2][6, 3]0.0
[3, 2][6, 4]0.0
[3, 2][6, 5]0.0
[3, 2][7, 4]0.0
[3, 2][7, 5]0.0
[3, 2][8, 4]0.0
[3, 2][8, 5]0.0
[3, 2][9, 5]0.0
[3, 3][0, 0]0.0
[3, 3][0, 1]0.0
[3, 3][0, 2]0.0
[3, 3][1, 0]0.0
[3, 3][1, 1]0.0
[3, 3][1, 2]0.0
[3, 3][1, 3]0.0
[3, 3][2, 1]0.0
[3, 3][2, 2]0.0
[3, 3][2, 3]0.06
[3, 3][2, 4]0.0
[3, 3][3, 1]0.0
[3, 3][3, 2]0.0
[3, 3][3, 3]0.35
[3, 3][3, 4]0.06
[3, 3][4, 2]0.0
[3, 3][4, 3]0.26
[3, 3][4, 4]0.16
[3, 3][4, 5]0.0
[3, 3][5, 3]0.02
[3, 3][5, 4]0.04
[3, 3][5, 5]0.0
[3, 3][6, 3]0.0
[3, 3][6, 4]0.0
[3, 3][6, 5]0.0
[3, 3][7, 4]0.0
[3, 3][7, 5]0.0
[3, 3][8, 4]0.0
[3, 3][8, 5]0.0
[3, 3][9, 5]0.0
[3, 4][0, 0]0.0
[3, 4][0, 1]0.0
[3, 4][0, 2]0.0
[3, 4][1, 0]0.0
[3, 4][1, 1]0.0
[3, 4][1, 2]0.0
[3, 4][1, 3]0.0
[3, 4][2, 1]0.0
[3, 4][2, 2]0.0
[3, 4][2, 3]0.01
[3, 4][2, 4]0.03
[3, 4][3, 1]0.0
[3, 4][3, 2]0.0
[3, 4][3, 3]0.04
[3, 4][3, 4]0.34
[3, 4][4, 2]0.0
[3, 4][4, 3]0.0
[3, 4][4, 4]0.43
[3, 4][4, 5]0.01
[3, 4][5, 3]0.0
[3, 4][5, 4]0.07
[3, 4][5, 5]0.01
[3, 4][6, 3]0.0
[3, 4][6, 4]0.0
[3, 4][6, 5]0.0
[3, 4][7, 4]0.0
[3, 4][7, 5]0.0
[3, 4][8, 4]0.0
[3, 4][8, 5]0.0
[3, 4][9, 5]0.0
[4, 2][0, 0]0.0
[4, 2][0, 1]0.0
[4, 2][0, 2]0.0
[4, 2][1, 0]0.0
[4, 2][1, 1]0.0
[4, 2][1, 2]0.0
[4, 2][1, 3]0.0
[4, 2][2, 1]0.0
[4, 2][2, 2]0.0
[4, 2][2, 3]0.0
[4, 2][2, 4]0.0
[4, 2][3, 1]0.0
[4, 2][3, 2]0.08
[4, 2][3, 3]0.05
[4, 2][3, 4]0.0
[4, 2][4, 2]0.13
[4, 2][4, 3]0.39
[4, 2][4, 4]0.0
[4, 2][4, 5]0.0
[4, 2][5, 3]0.27
[4, 2][5, 4]0.0
[4, 2][5, 5]0.0
[4, 2][6, 3]0.02
[4, 2][6, 4]0.0
[4, 2][6, 5]0.0
[4, 2][7, 4]0.0
[4, 2][7, 5]0.0
[4, 2][8, 4]0.0
[4, 2][8, 5]0.0
[4, 2][9, 5]0.0
[4, 3][0, 0]0.0
[4, 3][0, 1]0.0
[4, 3][0, 2]0.0
[4, 3][1, 0]0.0
[4, 3][1, 1]0.0
[4, 3][1, 2]0.0
[4, 3][1, 3]0.0
[4, 3][2, 1]0.0
[4, 3][2, 2]0.0
[4, 3][2, 3]0.0
[4, 3][2, 4]0.0
[4, 3][3, 1]0.0
[4, 3][3, 2]0.0
[4, 3][3, 3]0.1
[4, 3][3, 4]0.01
[4, 3][4, 2]0.0
[4, 3][4, 3]0.33
[4, 3][4, 4]0.14
[4, 3][4, 5]0.0
[4, 3][5, 3]0.14
[4, 3][5, 4]0.2
[4, 3][5, 5]0.0
[4, 3][6, 3]0.0
[4, 3][6, 4]0.03
[4, 3][6, 5]0.0
[4, 3][7, 4]0.0
[4, 3][7, 5]0.0
[4, 3][8, 4]0.0
[4, 3][8, 5]0.0
[4, 3][9, 5]0.0
[4, 4][0, 0]0.0
[4, 4][0, 1]0.0
[4, 4][0, 2]0.0
[4, 4][1, 0]0.0
[4, 4][1, 1]0.0
[4, 4][1, 2]0.0
[4, 4][1, 3]0.0
[4, 4][2, 1]0.0
[4, 4][2, 2]0.0
[4, 4][2, 3]0.0
[4, 4][2, 4]0.0
[4, 4][3, 1]0.0
[4, 4][3, 2]0.0
[4, 4][3, 3]0.02
[4, 4][3, 4]0.07
[4, 4][4, 2]0.0
[4, 4][4, 3]0.02
[4, 4][4, 4]0.42
[4, 4][4, 5]0.01
[4, 4][5, 3]0.0
[4, 4][5, 4]0.34
[4, 4][5, 5]0.03
[4, 4][6, 3]0.0
[4, 4][6, 4]0.03
[4, 4][6, 5]0.01
[4, 4][7, 4]0.0
[4, 4][7, 5]0.0
[4, 4][8, 4]0.0
[4, 4][8, 5]0.0
[4, 4][9, 5]0.0
[4, 5][0, 0]0.0
[4, 5][0, 1]0.0
[4, 5][0, 2]0.0
[4, 5][1, 0]0.0
[4, 5][1, 1]0.0
[4, 5][1, 2]0.0
[4, 5][1, 3]0.0
[4, 5][2, 1]0.0
[4, 5][2, 2]0.0
[4, 5][2, 3]0.0
[4, 5][2, 4]0.0
[4, 5][3, 1]0.0
[4, 5][3, 2]0.0
[4, 5][3, 3]0.0
[4, 5][3, 4]0.06
[4, 5][4, 2]0.0
[4, 5][4, 3]0.0
[4, 5][4, 4]0.19
[4, 5][4, 5]0.22
[4, 5][5, 3]0.0
[4, 5][5, 4]0.06
[4, 5][5, 5]0.36
[4, 5][6, 3]0.0
[4, 5][6, 4]0.0
[4, 5][6, 5]0.05
[4, 5][7, 4]0.0
[4, 5][7, 5]0.0
[4, 5][8, 4]0.0
[4, 5][8, 5]0.0
[4, 5][9, 5]0.0
[5, 3][0, 0]0.0
[5, 3][0, 1]0.0
[5, 3][0, 2]0.0
[5, 3][1, 0]0.0
[5, 3][1, 1]0.0
[5, 3][1, 2]0.0
[5, 3][1, 3]0.0
[5, 3][2, 1]0.0
[5, 3][2, 2]0.0
[5, 3][2, 3]0.0
[5, 3][2, 4]0.0
[5, 3][3, 1]0.0
[5, 3][3, 2]0.0
[5, 3][3, 3]0.0
[5, 3][3, 4]0.0
[5, 3][4, 2]0.0
[5, 3][4, 3]0.15
[5, 3][4, 4]0.03
[5, 3][4, 5]0.0
[5, 3][5, 3]0.27
[5, 3][5, 4]0.25
[5, 3][5, 5]0.0
[5, 3][6, 3]0.05
[5, 3][6, 4]0.2
[5, 3][6, 5]0.0
[5, 3][7, 4]0.01
[5, 3][7, 5]0.0
[5, 3][8, 4]0.0
[5, 3][8, 5]0.0
[5, 3][9, 5]0.0
[5, 4][0, 0]0.0
[5, 4][0, 1]0.0
[5, 4][0, 2]0.0
[5, 4][1, 0]0.0
[5, 4][1, 1]0.0
[5, 4][1, 2]0.0
[5, 4][1, 3]0.0
[5, 4][2, 1]0.0
[5, 4][2, 2]0.0
[5, 4][2, 3]0.0
[5, 4][2, 4]0.0
[5, 4][3, 1]0.0
[5, 4][3, 2]0.0
[5, 4][3, 3]0.0
[5, 4][3, 4]0.0
[5, 4][4, 2]0.0
[5, 4][4, 3]0.01
[5, 4][4, 4]0.12
[5, 4][4, 5]0.0
[5, 4][5, 3]0.01
[5, 4][5, 4]0.46
[5, 4][5, 5]0.03
[5, 4][6, 3]0.0
[5, 4][6, 4]0.23
[5, 4][6, 5]0.06
[5, 4][7, 4]0.01
[5, 4][7, 5]0.01
[5, 4][8, 4]0.0
[5, 4][8, 5]0.0
[5, 4][9, 5]0.0
[5, 5][0, 0]0.0
[5, 5][0, 1]0.0
[5, 5][0, 2]0.0
[5, 5][1, 0]0.0
[5, 5][1, 1]0.0
[5, 5][1, 2]0.0
[5, 5][1, 3]0.0
[5, 5][2, 1]0.0
[5, 5][2, 2]0.0
[5, 5][2, 3]0.0
[5, 5][2, 4]0.0
[5, 5][3, 1]0.0
[5, 5][3, 2]0.0
[5, 5][3, 3]0.0
[5, 5][3, 4]0.0
[5, 5][4, 2]0.0
[5, 5][4, 3]0.0
[5, 5][4, 4]0.07
[5, 5][4, 5]0.03
[5, 5][5, 3]0.0
[5, 5][5, 4]0.17
[5, 5][5, 5]0.31
[5, 5][6, 3]0.0
[5, 5][6, 4]0.03
[5, 5][6, 5]0.31
[5, 5][7, 4]0.0
[5, 5][7, 5]0.03
[5, 5][8, 4]0.0
[5, 5][8, 5]0.0
[5, 5][9, 5]0.0
[6, 3][0, 0]0.0
[6, 3][0, 1]0.0
[6, 3][0, 2]0.0
[6, 3][1, 0]0.0
[6, 3][1, 1]0.0
[6, 3][1, 2]0.0
[6, 3][1, 3]0.0
[6, 3][2, 1]0.0
[6, 3][2, 2]0.0
[6, 3][2, 3]0.0
[6, 3][2, 4]0.0
[6, 3][3, 1]0.0
[6, 3][3, 2]0.0
[6, 3][3, 3]0.0
[6, 3][3, 4]0.0
[6, 3][4, 2]0.0
[6, 3][4, 3]0.01
[6, 3][4, 4]0.0
[6, 3][4, 5]0.0
[6, 3][5, 3]0.17
[6, 3][5, 4]0.07
[6, 3][5, 5]0.0
[6, 3][6, 3]0.19
[6, 3][6, 4]0.34
[6, 3][6, 5]0.0
[6, 3][7, 4]0.14
[6, 3][7, 5]0.0
[6, 3][8, 4]0.01
[6, 3][8, 5]0.0
[6, 3][9, 5]0.0
[6, 4][0, 0]0.0
[6, 4][0, 1]0.0
[6, 4][0, 2]0.0
[6, 4][1, 0]0.0
[6, 4][1, 1]0.0
[6, 4][1, 2]0.0
[6, 4][1, 3]0.0
[6, 4][2, 1]0.0
[6, 4][2, 2]0.0
[6, 4][2, 3]0.0
[6, 4][2, 4]0.0
[6, 4][3, 1]0.0
[6, 4][3, 2]0.0
[6, 4][3, 3]0.0
[6, 4][3, 4]0.0
[6, 4][4, 2]0.0
[6, 4][4, 3]0.0
[6, 4][4, 4]0.01
[6, 4][4, 5]0.0
[6, 4][5, 3]0.0
[6, 4][5, 4]0.19
[6, 4][5, 5]0.0
[6, 4][6, 3]0.0
[6, 4][6, 4]0.44
[6, 4][6, 5]0.07
[6, 4][7, 4]0.13
[6, 4][7, 5]0.09
[6, 4][8, 4]0.0
[6, 4][8, 5]0.01
[6, 4][9, 5]0.0
[6, 5][0, 0]0.0
[6, 5][0, 1]0.0
[6, 5][0, 2]0.0
[6, 5][1, 0]0.0
[6, 5][1, 1]0.0
[6, 5][1, 2]0.0
[6, 5][1, 3]0.0
[6, 5][2, 1]0.0
[6, 5][2, 2]0.0
[6, 5][2, 3]0.0
[6, 5][2, 4]0.0
[6, 5][3, 1]0.0
[6, 5][3, 2]0.0
[6, 5][3, 3]0.0
[6, 5][3, 4]0.0
[6, 5][4, 2]0.0
[6, 5][4, 3]0.0
[6, 5][4, 4]0.0
[6, 5][4, 5]0.0
[6, 5][5, 3]0.0
[6, 5][5, 4]0.09
[6, 5][5, 5]0.07
[6, 5][6, 3]0.0
[6, 5][6, 4]0.13
[6, 5][6, 5]0.39
[6, 5][7, 4]0.01
[6, 5][7, 5]0.24
[6, 5][8, 4]0.0
[6, 5][8, 5]0.02
[6, 5][9, 5]0.0
[7, 4][0, 0]0.0
[7, 4][0, 1]0.0
[7, 4][0, 2]0.0
[7, 4][1, 0]0.0
[7, 4][1, 1]0.0
[7, 4][1, 2]0.0
[7, 4][1, 3]0.0
[7, 4][2, 1]0.0
[7, 4][2, 2]0.0
[7, 4][2, 3]0.0
[7, 4][2, 4]0.0
[7, 4][3, 1]0.0
[7, 4][3, 2]0.0
[7, 4][3, 3]0.0
[7, 4][3, 4]0.0
[7, 4][4, 2]0.0
[7, 4][4, 3]0.0
[7, 4][4, 4]0.0
[7, 4][4, 5]0.0
[7, 4][5, 3]0.0
[7, 4][5, 4]0.02
[7, 4][5, 5]0.0
[7, 4][6, 3]0.0
[7, 4][6, 4]0.26
[7, 4][6, 5]0.01
[7, 4][7, 4]0.38
[7, 4][7, 5]0.13
[7, 4][8, 4]0.06
[7, 4][8, 5]0.09
[7, 4][9, 5]0.0
[7, 5][0, 0]0.0
[7, 5][0, 1]0.0
[7, 5][0, 2]0.0
[7, 5][1, 0]0.0
[7, 5][1, 1]0.0
[7, 5][1, 2]0.0
[7, 5][1, 3]0.0
[7, 5][2, 1]0.0
[7, 5][2, 2]0.0
[7, 5][2, 3]0.0
[7, 5][2, 4]0.0
[7, 5][3, 1]0.0
[7, 5][3, 2]0.0
[7, 5][3, 3]0.0
[7, 5][3, 4]0.0
[7, 5][4, 2]0.0
[7, 5][4, 3]0.0
[7, 5][4, 4]0.0
[7, 5][4, 5]0.0
[7, 5][5, 3]0.0
[7, 5][5, 4]0.01
[7, 5][5, 5]0.0
[7, 5][6, 3]0.0
[7, 5][6, 4]0.1
[7, 5][6, 5]0.14
[7, 5][7, 4]0.07
[7, 5][7, 5]0.44
[7, 5][8, 4]0.0
[7, 5][8, 5]0.17
[7, 5][9, 5]0.0
[8, 4][0, 0]0.0
[8, 4][0, 1]0.0
[8, 4][0, 2]0.0
[8, 4][1, 0]0.0
[8, 4][1, 1]0.0
[8, 4][1, 2]0.0
[8, 4][1, 3]0.0
[8, 4][2, 1]0.0
[8, 4][2, 2]0.0
[8, 4][2, 3]0.0
[8, 4][2, 4]0.0
[8, 4][3, 1]0.0
[8, 4][3, 2]0.0
[8, 4][3, 3]0.0
[8, 4][3, 4]0.0
[8, 4][4, 2]0.0
[8, 4][4, 3]0.0
[8, 4][4, 4]0.0
[8, 4][4, 5]0.0
[8, 4][5, 3]0.0
[8, 4][5, 4]0.0
[8, 4][5, 5]0.0
[8, 4][6, 3]0.0
[8, 4][6, 4]0.04
[8, 4][6, 5]0.0
[8, 4][7, 4]0.33
[8, 4][7, 5]0.04
[8, 4][8, 4]0.29
[8, 4][8, 5]0.16
[8, 4][9, 5]0.07
[8, 5][0, 0]0.0
[8, 5][0, 1]0.0
[8, 5][0, 2]0.0
[8, 5][1, 0]0.0
[8, 5][1, 1]0.0
[8, 5][1, 2]0.0
[8, 5][1, 3]0.0
[8, 5][2, 1]0.0
[8, 5][2, 2]0.0
[8, 5][2, 3]0.0
[8, 5][2, 4]0.0
[8, 5][3, 1]0.0
[8, 5][3, 2]0.0
[8, 5][3, 3]0.0
[8, 5][3, 4]0.0
[8, 5][4, 2]0.0
[8, 5][4, 3]0.0
[8, 5][4, 4]0.0
[8, 5][4, 5]0.0
[8, 5][5, 3]0.0
[8, 5][5, 4]0.0
[8, 5][5, 5]0.0
[8, 5][6, 3]0.0
[8, 5][6, 4]0.01
[8, 5][6, 5]0.01
[8, 5][7, 4]0.08
[8, 5][7, 5]0.24
[8, 5][8, 4]0.03
[8, 5][8, 5]0.45
[8, 5][9, 5]0.12
[9, 5][0, 0]0.0
[9, 5][0, 1]0.0
[9, 5][0, 2]0.0
[9, 5][1, 0]0.0
[9, 5][1, 1]0.0
[9, 5][1, 2]0.0
[9, 5][1, 3]0.0
[9, 5][2, 1]0.0
[9, 5][2, 2]0.0
[9, 5][2, 3]0.0
[9, 5][2, 4]0.0
[9, 5][3, 1]0.0
[9, 5][3, 2]0.0
[9, 5][3, 3]0.0
[9, 5][3, 4]0.0
[9, 5][4, 2]0.0
[9, 5][4, 3]0.0
[9, 5][4, 4]0.0
[9, 5][4, 5]0.0
[9, 5][5, 3]0.0
[9, 5][5, 4]0.0
[9, 5][5, 5]0.0
[9, 5][6, 3]0.0
[9, 5][6, 4]0.0
[9, 5][6, 5]0.0
[9, 5][7, 4]0.02
[9, 5][7, 5]0.03
[9, 5][8, 4]0.05
[9, 5][8, 5]0.39
[9, 5][9, 5]0.44
