[0, 0]0.9600000000000001
[0, 1]0.9600000000000001
[0, 2]0.94
[1, 0]0.9400000000000001
[1, 1]0.96
[1, 2]0.9600000000000001
[1, 3]0.93
[2, 1]0.9500000000000001
[2, 2]0.95
[2, 3]0.94
[2, 4]0.93
[3, 1]0.94
[3, 2]0.9600000000000002
[3, 3]0.9500000000000001
[3, 4]0.9400000000000002
[4, 2]0.9400000000000001
[4, 3]0.9500000000000002
[4, 4]0.9500000000000002
[4, 5]0.9400000000000001
[5, 3]0.96
[5, 4]0.9400000000000002
[5, 5]0.9500000000000002
[6, 3]0.93
[6, 4]0.94
[6, 5]0.9500000000000001
[7, 4]0.9500000000000001
[7, 5]0.93
[8, 4]0.9299999999999999
[8, 5]0.9400000000000001
[9, 5]0.9299999999999999
